中误差m0：0.873731
已知点坐标：
点名	X(m)        	Y(m)
1	31250.250000	11500.410000
2	33256.570000	10900.840000
未知点坐标：
点名	X(m)        	Y(m)
3	32993.900897	13000.396671	
4	30895.193789	14570.301405	
5	34800.602060	14200.698883	
未知点误差参数：
点名	长轴m	短轴m	长轴方位dms	点位中误差m
3	0.0045	0.0027	162.332042  	0.0053
4	0.0079	0.0032	23.594415  	0.0085
5	0.0085	0.0037	141.545065  	0.0093
边长观测成果：
测站	照准	距离m        	改正数m	平差后值m	方位角dms
1	3	2300.0600    	0.0005	2300.0605    	40.421430
1	4	3090.3530    	0.0027	3090.3557    	96.355056
2	5	3643.2340    	-0.0069	3643.2271    	64.552894
2	3	2115.9190    	0.0047	2115.9237    	97.075178
2	4	4363.6110    	-0.0065	4363.6045    	122.454370
3	5	2169.0730    	0.0039	2169.0769    	33.355468
3	4	2620.9090    	0.0016	2620.9106    	143.120812
4	5	3922.8600    	-0.0014	3922.8586    	354.353735
角度观测成果：
测站	照准	方向值dms	改正数s	平差后值dms
1	2	0.000000
1	3	57.203210 	0.02	57.203212
1	4	113.140635 	2.04	113.140839

2	5	0.000000
2	3	32.122292 	-0.09	32.122283
2	4	57.501530 	-0.54	57.501476
2	1	98.261273 	0.50	98.261323

3	1	0.000000
3	2	56.253779 	-0.31	56.253748
3	5	172.533944 	0.94	172.534038
3	4	282.295383 	-0.01	282.295382

4	1	0.000000
4	2	26.095412 	-0.98	26.095314
4	3	46.361798 	-0.43	46.361755
4	5	77.594671 	0.07	77.594678

5	4	0.000000
5	3	39.001779 	-0.46	39.001733
5	2	70.195151 	0.09	70.195160

